agriculture, manufacturing, professional services, public sector
50 30 10 10
20 65 5 10
35 35 10 20
45 35 10 10
30 30 30 10
20 55 15 10
5 15 65 15
5 25 55 15
45 25 20 10
35 35 20 10
25 10 45 20
70 15 5 10
15 35 40 10
25 50 15 10
50 30 10 10
55 30 5 10
45 40 5 10
35 35 15 15
35 30 25 10
10 30 30 30
5 20 40 15
15 55 20 10
20 50 20 10
55 30 5 10
40 40 10 10
65 15 10 10
50 30 10 10
10 20 50 20
20 30 40 10
10 40 40 10
30 40 10 20
10 30 50 10
40 40 10 10
60 25 5 10
30 35 25 10
55 30 5 10
20 20 50 10
30 35 25 10
5 15 70 10
50 30 10 10
75 10 5 10
35 35 20 10
45 20 20 15
35 10 35 20
15 15 60 10
40 10 10 40
30 10 50 10
30 50 5 15
35 35 20 10
75 10 5 10
2 8 40 50
